1000
923 162
684 449
612 342
644 219
558 218
447 303
208 729
511 160
372 991
952 849
703 154
0 0
882 497
320 969
988 180
0 0
284 601
170 581
0 0
0 0
0 0
506 144
185 969
339 66
0 0
0 0
457 905
90 35
0 0
305 977
701 833
0 0
918 361
45 606
348 430
0 0
713 931
522 257
577 878
822 211
999 254
529 386
477 822
62 566
19 575
651 438
657 739
0 0
696 476
377 542
763 968
722 545
976 907
509 197
318 401
0 0
165 901
0 0
527 634
206 363
822 532
91 798
173 549
427 626
36 126
697 272
760 861
390 458
973 887
938 543
35 36
128 465
525 828
0 0
393 792
954 78
291 990
658 115
0 0
165 760
729 78
607 374
316 934
191 932
31 80
94 464
124 956
68 987
264 87
0 0
958 187
428 946
0 0
162 69
899 38
65 289
187 249
920 207
831 420
640 521
927 161
443 642
929 619
0 0
888 936
708 530
216 412
308 609
908 337
660 823
0 0
780 54
229 996
509 507
799 666
577 517
943 677
224 554
829 634
521 613
10 391
212 506
103 952
629 541
133 399
536 363
0 0
296 918
594 32
447 258
653 962
769 865
627 401
862 24
309 390
0 0
972 766
0 0
841 26
0 0
0 0
219 451
704 823
679 856
114 681
82 660
0 0
412 361
910 97
518 400
18 836
283 800
100 623
0 0
421 806
803 964
270 639
33 78
795 337
465 92
930 788
776 880
713 806
0 0
326 643
437 171
391 658
0 0
0 0
891 5
91 908
434 400
338 547
0 0
160 348
0 0
650 549
0 0
323 612
345 951
305 978
0 0
444 911
882 772
205 471
722 381
233 854
0 0
631 724
684 358
0 0
78 772
56 981
937 884
67 367
622 279
419 145
0 785
973 315
995 101
534 356
0 0
525 412
427 278
553 418
178 601
0 0
258 620
376 485
0 0
0 0
276 407
273 196
430 22
250 109
243 727
688 621
435 216
659 834
981 489
38 587
818 966
615 805
85 120
0 0
552 669
120 688
709 57
30 228
827 752
217 520
648 906
0 0
73 174
297 670
843 86
959 948
879 786
916 108
113 293
0 0
543 568
41 322
439 805
419 357
78 232
228 308
79 966
181 814
243 483
553 523
376 191
636 951
21 989
0 0
764 573
0 0
527 526
572 331
778 192
0 0
351 997
0 0
455 939
257 789
805 405
932 368
250 973
502 943
446 379
453 593
429 133
0 0
0 0
423 864
586 587
254 545
0 0
0 0
556 430
134 75
171 676
159 936
939 899
209 894
256 714
0 0
692 831
723 76
0 0
584 768
715 382
32 83
0 0
620 646
316 865
621 490
6 259
771 632
219 253
988 89
0 0
238 380
419 659
718 221
0 0
704 332
805 648
262 1000
989 531
343 366
15 60
46 714
807 307
555 554
652 529
0 0
411 47
0 0
463 346
0 0
0 0
661 14
0 0
0 0
0 0
609 457
0 0
898 211
99 672
0 0
70 28
15 788
0 0
752 747
0 0
56 464
685 366
367 95
957 50
275 361
74 123
330 286
31 232
812 543
955 812
221 368
925 558
489 217
37 214
804 555
144 225
219 737
0 0
0 0
701 931
0 0
578 598
371 997
0 0
621 999
342 582
145 158
421 218
0 0
0 0
864 365
0 0
0 0
0 0
187 186
688 547
811 810
287 704
324 193
332 490
39 861
637 803
538 632
193 654
0 0
419 438
499 791
649 844
510 883
750 279
332 279
900 417
0 0
641 750
758 269
0 0
510 539
0 0
0 0
619 453
0 0
309 467
587 189
729 791
339 877
574 312
544 967
586 776
757 964
296 833
849 38
730 987
407 335
577 360
688 80
150 124
332 101
892 83
426 762
628 323
494 0
424 371
341 867
514 208
203 445
739 659
0 0
488 132
0 0
0 0
731 670
44 199
371 386
447 217
992 428
605 666
689 191
808 945
0 0
344 852
927 273
556 553
330 844
980 239
0 0
598 912
87 214
122 249
0 0
739 133
0 0
646 243
723 617
0 0
834 521
955 803
767 597
0 0
858 569
0 0
679 40
968 304
361 953
0 0
618 84
290 689
641 549
829 178
374 671
450 158
264 71
643 600
486 97
468 792
109 339
737 318
0 0
563 994
0 0
603 237
912 398
272 982
840 88
173 305
302 496
587 601
421 120
539 940
0 0
0 0
759 178
0 0
193 90
801 826
623 796
417 628
963 474
979 924
773 375
353 310
674 773
895 199
384 224
754 832
968 826
590 570
770 981
0 0
605 391
0 0
574 516
534 362
134 89
888 84
553 658
156 182
653 817
672 466
851 404
0 0
340 279
675 431
912 23
109 879
652 338
992 223
111 979
559 937
953 969
381 650
0 0
155 589
0 0
809 886
749 408
0 0
237 20
296 679
169 240
883 203
0 0
0 0
0 0
0 0
992 767
641 236
551 775
78 452
715 723
0 0
623 133
468 744
0 0
849 883
0 0
0 0
265 727
447 540
850 2
758 899
539 789
739 900
225 120
645 619
681 104
913 672
296 419
102 143
60 15
316 465
1000 195
0 0
945 255
235 169
851 698
75 745
863 672
602 116
537 373
129 557
0 0
0 0
107 371
0 0
399 382
270 100
11 120
288 190
712 672
0 0
797 295
0 0
50 58
881 761
591 242
916 412
595 93
558 598
0 0
0 0
0 0
966 297
745 638
763 274
113 266
174 886
385 628
501 745
0 0
237 999
721 806
0 0
953 280
305 82
669 501
0 0
0 0
369 957
0 0
0 0
0 0
0 0
231 693
913 755
0 0
0 0
0 0
0 0
0 0
219 954
893 367
622 665
382 517
200 163
319 608
163 330
0 0
609 655
8 92
947 452
788 141
898 324
0 0
0 0
31 180
0 0
868 746
161 250
0 0
693 430
457 295
783 452
146 593
86 479
0 0
999 754
265 669
751 925
574 467
611 654
550 924
0 0
0 0
53 100
583 716
206 571
0 0
157 456
0 0
834 680
0 0
758 193
826 643
735 154
260 959
386 453
25 519
440 697
494 580
715 583
888 91
735 848
628 909
234 215
544 224
339 138
847 234
0 0
0 0
0 0
11 507
47 120
465 545
0 0
34 144
335 844
20 128
421 93
87 172
217 805
480 161
441 811
923 747
211 890
742 49
718 743
0 0
0 0
0 0
803 465
205 501
383 832
403 593
9 170
886 789
0 0
304 905
457 490
883 438
408 299
377 921
329 181
148 319
308 840
734 363
772 544
0 0
0 0
792 778
82 250
236 563
204 648
7 881
798 669
397 924
617 708
239 436
0 0
181 873
0 0
888 347
0 0
0 0
556 478
173 134
31 82
329 372
517 960
864 442
930 816
0 0
354 1000
0 0
80 87
0 0
525 470
690 683
0 0
0 0
0 0
111 37
676 757
0 0
419 150
472 181
488 86
0 0
561 433
701 856
0 0
125 146
0 0
297 499
0 0
416 517
0 0
666 266
156 267
88 984
729 316
517 674
336 459
420 101
492 803
694 117
977 451
491 883
800 773
817 304
687 191
258 323
0 0
134 364
958 626
492 588
868 174
57 169
703 564
549 580
651 172
980 476
84 218
353 576
39 942
887 179
130 691
533 451
850 643
768 738
383 293
243 315
526 467
392 717
213 328
465 41
823 588
954 712
717 751
433 986
442 968
415 325
0 0
8 201
988 628
382 238
0 0
0 0
397 482
0 0
484 897
79 46
662 319
615 217
0 0
397 884
189 508
0 0
851 406
0 0
70 978
488 823
489 113
0 0
370 175
785 599
0 0
111 902
452 949
0 0
271 543
128 442
271 767
0 0
0 0
196 972
658 995
284 828
678 221
926 576
234 146
0 822
0 0
651 401
57 472
848 547
445 235
0 0
0 0
581 626
555 352
77 756
859 187
175 314
595 125
469 926
570 99
0 0
910 595
682 569
640 785
0 0
365 54
486 305
628 704
948 533
128 517
997 226
0 0
0 0
943 274
0 0
770 908
804 965
644 933
315 308
640 472
0 0
751 502
689 167
594 117
0 0
622 112
872 505
933 858
78 7
637 657
247 372
163 785
412 661
9 577
0 0
714 723
812 97
300 230
579 125
11 328
567 132
897 648
0 0
81 537
843 577
546 901
0 0
633 876
0 0
55 389
795 203
318 425
216 965
564 244
656 294
799 247
823 185
0 0
0 0
752 535
459 619
0 0
0 0
345 282
288 164
869 481
76 411
21 940
0 0
483 853
314 664
619 333
392 169
497 744
0 0
571 805
525 322
167 863
0 0
0 0
829 127
268 788
720 547
887 836
792 42
147 852
261 733
256 558
0 0
159 605
0 0
359 909
437 817
264 663
423 439
665 913
123 956
447 324
0 0
271 681
927 965
38 499
617 27
964 344
123 852
951 844
855 831
533 171
356 429
297 15
278 523
252 665
474 836
628 644
482 896
868 90
0 0
374 664
0 0
221 553
0 0
0 0
971 243
174 375
287 716
0 0
0 0
697 33
